﻿submission_date,state,tot_cases,conf_cases,prob_cases,new_case,pnew_case,tot_death,conf_death,prob_death,new_death,pnew_death,created_at,consent_cases,consent_deaths
6/5/2022,CA,"9,647,488","8,989,279","658,209",0,0,"90,815",,,0,0,6/6/2022 13:41,Agree,Not agree
6/4/2022,CA,"9,647,488","8,989,279","658,209",0,0,"90,815",,,0,0,6/6/2022 13:00,Agree,Not agree
6/3/2022,CA,"9,647,488","8,989,279","658,209","44,985","11,368","90,815",,,96,0,6/4/2022 13:27,Agree,Not agree
6/2/2022,CA,"9,602,503","8,955,662","646,841",0,0,"90,719",,,0,0,6/3/2022 13:21,Agree,Not agree
6/1/2022,CA,"9,602,503","8,955,662","646,841",0,0,"90,719",,,0,0,6/2/2022 13:14,Agree,Not agree
5/31/2022,CA,"9,602,503","8,955,662","646,841","59,488",0,"90,719",,,107,0,6/1/2022 13:35,Agree,Not agree
5/30/2022,CA,"9,543,015","8,896,174","646,841",0,0,"90,612",,,0,0,5/31/2022 13:20,Agree,Not agree
5/29/2022,CA,"9,543,015","8,896,174","646,841",0,0,"90,612",,,0,0,5/30/2022 13:20,Agree,Not agree
5/28/2022,CA,"9,543,015","8,896,174","646,841",0,0,"90,612",,,0,0,5/30/2022 12:41,Agree,Not agree
5/27/2022,CA,"9,543,015","8,896,174","646,841","49,691","7,015","90,612",,,124,0,5/28/2022 13:19,Agree,Not agree
5/26/2022,CA,"9,493,324","8,853,498","639,826",0,0,"90,488",,,0,0,5/27/2022 13:29,Agree,Not agree
5/25/2022,CA,"9,493,324","8,853,498","639,826",0,0,"90,488",,,0,0,5/26/2022 13:18,Agree,Not agree
5/24/2022,CA,"9,493,324","8,853,498","639,826","55,608",0,"90,488",,,106,0,5/25/2022 13:28,Agree,Not agree
5/23/2022,CA,"9,437,716","8,797,890","639,826",0,0,"90,382",,,0,0,5/24/2022 13:28,Agree,Not agree
5/22/2022,CA,"9,437,716","8,797,890","639,826",0,0,"90,382",,,0,0,5/23/2022 13:52,Agree,Not agree
5/21/2022,CA,"9,437,716","8,797,890","639,826",0,0,"90,382",,,0,0,5/23/2022 13:14,Agree,Not agree
5/20/2022,CA,"9,437,716","8,797,890","639,826","52,405","12,386","90,382",,,163,0,5/21/2022 13:16,Agree,Not agree
5/19/2022,CA,"9,385,311","8,757,871","627,440",0,0,"90,219",,,0,0,5/20/2022 13:21,Agree,Not agree
5/18/2022,CA,"9,385,311","8,757,871","627,440",0,0,"90,219",,,0,0,5/19/2022 13:33,Agree,Not agree
5/17/2022,CA,"9,385,311","8,757,871","627,440","50,544",0,"90,219",,,102,0,5/18/2022 13:45,Agree,Not agree
5/16/2022,CA,"9,334,767","8,707,327","627,440",0,0,"90,117",,,0,0,5/17/2022 13:42,Agree,Not agree
5/15/2022,CA,"9,334,767","8,707,327","627,440",0,0,"90,117",,,0,0,5/16/2022 14:11,Agree,Not agree
5/14/2022,CA,"9,334,767","8,707,327","627,440",0,0,"90,117",,,0,0,5/16/2022 13:02,Agree,Not agree
5/13/2022,CA,"9,334,767","8,707,327","627,440","27,353","7,652","90,117",,,160,0,5/14/2022 13:28,Agree,Not agree
5/12/2022,CA,"9,307,414","8,687,626","619,788",0,0,"89,957",,,0,0,5/13/2022 13:28,Agree,Not agree
5/11/2022,CA,"9,307,414","8,687,626","619,788",0,0,"89,957",,,0,0,5/12/2022 13:16,Agree,Not agree
5/10/2022,CA,"9,307,414","8,687,626","619,788","33,206",0,"89,957",,,106,0,5/11/2022 13:51,Agree,Not agree
5/9/2022,CA,"9,274,208","8,654,420","619,788",0,0,"89,851",,,0,0,5/10/2022 13:23,Agree,Not agree
5/8/2022,CA,"9,274,208","8,654,420","619,788",0,0,"89,851",,,0,0,5/9/2022 14:22,Agree,Not agree
5/7/2022,CA,"9,274,208","8,654,420","619,788",0,0,"89,851",,,0,0,5/9/2022 13:14,Agree,Not agree
5/6/2022,CA,"9,274,208","8,654,420","619,788","27,178","4,421","89,851",,,157,0,5/7/2022 13:19,Agree,Not agree
5/5/2022,CA,"9,247,030","8,631,663","615,367",0,0,"89,694",,,0,0,5/6/2022 13:14,Agree,Not agree
5/4/2022,CA,"9,247,030","8,631,663","615,367",0,0,"89,694",,,0,0,5/5/2022 13:33,Agree,Not agree
5/3/2022,CA,"9,247,030","8,631,663","615,367","26,000",0,"89,694",,,112,0,5/4/2022 13:36,Agree,Not agree
5/2/2022,CA,"9,221,030","8,605,663","615,367",0,0,"89,582",,,0,0,5/3/2022 13:21,Agree,Not agree
5/1/2022,CA,"9,221,030","8,605,663","615,367",0,0,"89,582",,,0,0,5/2/2022 13:46,Agree,Not agree
4/30/2022,CA,"9,221,030","8,605,663","615,367",0,0,"89,582",,,0,0,5/2/2022 12:49,Agree,Not agree
4/29/2022,CA,"9,221,030","8,605,663","615,367","22,033","4,162","89,582",,,191,0,4/30/2022 13:19,Agree,Not agree
4/28/2022,CA,"9,198,997","8,587,792","611,205",0,0,"89,391",,,0,0,4/29/2022 14:05,Agree,Not agree
4/27/2022,CA,"9,198,997","8,587,792","611,205",0,0,"89,391",,,0,0,4/28/2022 13:30,Agree,Not agree
4/26/2022,CA,"9,198,997","8,587,792","611,205","21,388",0,"89,391",,,136,0,4/27/2022 13:16,Agree,Not agree
4/25/2022,CA,"9,177,609","8,566,404","611,205",0,0,"89,255",,,0,0,4/26/2022 13:17,Agree,Not agree
4/24/2022,CA,"9,177,609","8,566,404","611,205",0,0,"89,255",,,0,0,4/25/2022 13:33,Agree,Not agree
4/23/2022,CA,"9,177,609","8,566,404","611,205",0,0,"89,255",,,0,0,4/25/2022 12:42,Agree,Not agree
4/22/2022,CA,"9,177,609","8,566,404","611,205","22,289","6,542","89,255",,,201,0,4/23/2022 13:21,Agree,Not agree
4/21/2022,CA,"9,155,320","8,550,657","604,663",0,0,"89,054",,,0,0,4/22/2022 14:15,Agree,Not agree
4/20/2022,CA,"9,155,320","8,550,657","604,663",0,0,"89,054",,,0,0,4/21/2022 13:21,Agree,Not agree
4/19/2022,CA,"9,155,320","8,550,657","604,663","14,758",0,"89,054",,,147,0,4/20/2022 13:32,Agree,Not agree
4/18/2022,CA,"9,140,562","8,535,899","604,663",0,0,"88,907",,,0,0,4/19/2022 13:21,Agree,Not agree
4/17/2022,CA,"9,140,562","8,535,899","604,663",0,0,"88,907",,,0,0,4/18/2022 14:50,Agree,Not agree
4/16/2022,CA,"9,140,562","8,535,899","604,663",0,0,"88,907",,,0,0,4/18/2022 13:38,Agree,Not agree
4/15/2022,CA,"9,140,562","8,535,899","604,663","6,566",0,"88,907",,,159,0,4/16/2022 13:28,Agree,Not agree
4/14/2022,CA,"9,133,996","8,529,333","604,663","18,974","3,412","88,748",,,191,0,4/15/2022 13:23,Agree,Not agree
4/13/2022,CA,"9,115,022","8,513,771","601,251",0,0,"88,557",,,0,0,4/14/2022 15:28,Agree,Not agree
4/12/2022,CA,"9,115,022","8,513,771","601,251",0,0,"88,557",,,0,0,4/13/2022 13:31,Agree,Not agree
4/11/2022,CA,"9,115,022","8,513,771","601,251",0,0,"88,557",,,0,0,4/12/2022 13:55,Agree,Not agree
4/10/2022,CA,"9,115,022","8,513,771","601,251",0,0,"88,557",,,0,0,4/11/2022 14:08,Agree,Not agree
4/9/2022,CA,"9,115,022","8,513,771","601,251",0,0,"88,557",,,0,0,4/11/2022 12:33,Agree,Not agree
4/8/2022,CA,"9,115,022","8,513,771","601,251","9,841",0,"88,557",,,202,0,4/9/2022 13:34,Agree,Not agree
4/7/2022,CA,"9,105,181","8,503,930","601,251",0,0,"88,355",,,0,0,4/8/2022 13:45,Agree,Not agree
4/6/2022,CA,"9,105,181","8,503,930","601,251",0,0,"88,355",,,0,0,4/7/2022 14:35,Agree,Not agree
4/5/2022,CA,"9,105,181","8,503,930","601,251","9,925",0,"88,355",,,148,0,4/6/2022 13:55,Agree,Not agree
4/4/2022,CA,"9,095,256","8,494,005","601,251",0,0,"88,207",,,0,0,4/5/2022 13:16,Agree,Not agree
4/3/2022,CA,"9,095,256","8,494,005","601,251",0,0,"88,207",,,0,0,4/4/2022 14:11,Agree,Not agree
4/2/2022,CA,"9,095,256","8,494,005","601,251",0,0,"88,207",,,0,0,4/4/2022 12:57,Agree,Not agree
4/1/2022,CA,"9,095,256","8,494,005","601,251","4,026",0,"88,207",,,92,0,4/2/2022 13:21,Agree,Not agree
3/31/2022,CA,"9,091,230","8,489,979","601,251","6,396","3,487","88,115",,,72,0,4/1/2022 13:54,Agree,Not agree
3/30/2022,CA,"9,084,834","8,487,070","597,764","2,761",0,"88,043",,,87,0,3/31/2022 14:49,Agree,Not agree
3/29/2022,CA,"9,082,073","8,484,309","597,764",741,0,"87,956",,,2,0,3/30/2022 14:13,Agree,Not agree
3/28/2022,CA,"9,081,332","8,483,568","597,764","7,169",0,"87,954",,,145,0,3/29/2022 13:30,Agree,Not agree
3/27/2022,CA,"9,074,163","8,476,399","597,764",0,0,"87,809",,,0,0,3/28/2022 14:00,Agree,Not agree
3/26/2022,CA,"9,074,163","8,476,399","597,764",0,0,"87,809",,,0,0,3/28/2022 13:08,Agree,Not agree
3/25/2022,CA,"9,074,163","8,476,399","597,764","3,029",0,"87,809",,,107,0,3/26/2022 13:34,Agree,Not agree
3/24/2022,CA,"9,071,134","8,473,370","597,764","4,891","2,641","87,702",,,112,0,3/25/2022 13:28,Agree,Not agree
3/23/2022,CA,"9,066,243","8,471,120","595,123","5,100",0,"87,590",,,92,0,3/24/2022 13:32,Agree,Not agree
3/22/2022,CA,"9,061,143","8,466,020","595,123",662,0,"87,498",,,13,0,3/23/2022 15:04,Agree,Not agree
3/21/2022,CA,"9,060,481","8,465,358","595,123","15,349",0,"87,485",,,291,0,3/22/2022 13:39,Agree,Not agree
3/20/2022,CA,"9,045,132","8,450,009","595,123",0,0,"87,194",,,0,0,3/21/2022 13:48,Agree,Not agree
3/19/2022,CA,"9,045,132","8,450,009","595,123",0,0,"87,194",,,0,0,3/21/2022 12:27,Agree,Not agree
3/18/2022,CA,"9,045,132","8,450,009","595,123","4,541",0,"87,194",,,149,0,3/19/2022 13:30,Agree,Not agree
3/17/2022,CA,"9,040,591","8,445,468","595,123","5,342","2,411","87,045",,,118,0,3/18/2022 13:48,Agree,Not agree
3/16/2022,CA,"9,035,249","8,442,537","592,712","3,482",0,"86,927",,,135,0,3/17/2022 14:31,Agree,Not agree
3/15/2022,CA,"9,031,767","8,439,055","592,712",727,0,"86,792",,,-2,0,3/16/2022 13:23,Agree,Not agree
3/14/2022,CA,"9,031,040","8,438,328","592,712","11,628",0,"86,794",,,407,0,3/15/2022 13:23,Agree,Not agree
3/13/2022,CA,"9,019,412","8,426,700","592,712",0,0,"86,387",,,0,0,3/14/2022 14:38,Agree,Not agree
3/12/2022,CA,"9,019,412","8,426,700","592,712",0,0,"86,387",,,0,0,3/14/2022 12:45,Agree,Not agree
3/11/2022,CA,"9,019,412","8,426,700","592,712","3,825",0,"86,387",,,202,0,3/12/2022 17:36,Agree,Not agree
3/10/2022,CA,"9,015,587","8,422,875","592,712","8,579","5,358","86,185",,,160,0,3/11/2022 15:18,Agree,Not agree
3/9/2022,CA,"9,007,008","8,419,654","587,354","4,985",0,"86,025",,,171,0,3/10/2022 14:27,Agree,Not agree
3/8/2022,CA,"9,002,023","8,414,669","587,354","2,358",0,"85,854",,,5,0,3/9/2022 14:28,Agree,Not agree
3/7/2022,CA,"8,999,665","8,412,311","587,354","12,634",0,"85,849",,,496,0,3/8/2022 14:50,Agree,Not agree
3/6/2022,CA,"8,987,031","8,399,677","587,354",0,0,"85,353",,,0,0,3/7/2022 15:00,Agree,Not agree
3/5/2022,CA,"8,987,031","8,399,677","587,354",0,0,"85,353",,,0,0,3/7/2022 13:47,Agree,Not agree
3/4/2022,CA,"8,987,031","8,399,677","587,354","5,754",0,"85,353",,,226,0,3/5/2022 14:44,Agree,Not agree
3/3/2022,CA,"8,981,277","8,393,923","587,354","12,793","7,553","85,127",,,199,0,3/4/2022 15:15,Agree,Not agree
3/2/2022,CA,"8,968,484","8,388,683","579,801","6,027",0,"84,928",,,216,0,3/3/2022 14:58,Agree,Not agree
3/1/2022,CA,"8,962,457","8,382,656","579,801","1,460",0,"84,712",,,12,0,3/2/2022 14:48,Agree,Not agree
2/28/2022,CA,"8,960,997","8,381,196","579,801","19,492",0,"84,700",,,708,0,3/1/2022 15:28,Agree,Not agree
2/27/2022,CA,"8,941,505","8,361,704","579,801",0,0,"83,992",,,0,0,2/28/2022 14:56,Agree,Not agree
2/26/2022,CA,"8,941,505","8,361,704","579,801",0,0,"83,992",,,0,0,2/28/2022 13:14,Agree,Not agree
2/25/2022,CA,"8,941,505","8,361,704","579,801","11,737",0,"83,992",,,208,0,2/26/2022 14:15,Agree,Not agree
2/24/2022,CA,"8,929,768","8,349,967","579,801","15,674","8,920","83,784",,,215,0,2/25/2022 15:09,Agree,Not agree
2/23/2022,CA,"8,914,094","8,343,213","570,881","6,483",0,"83,569",,,46,0,2/24/2022 14:32,Agree,Not agree
2/22/2022,CA,"8,907,611","8,336,730","570,881","40,585",0,"83,523",,,650,0,2/23/2022 15:07,Agree,Not agree
2/21/2022,CA,"8,867,026","8,296,145","570,881",0,0,"82,873",,,0,0,2/22/2022 14:17,Agree,Not agree
2/20/2022,CA,"8,867,026","8,296,145","570,881",0,0,"82,873",,,0,0,2/21/2022 20:43,Agree,Not agree
2/19/2022,CA,"8,867,026","8,296,145","570,881",0,0,"82,873",,,0,0,2/21/2022 20:09,Agree,Not agree
2/18/2022,CA,"8,867,026","8,296,145","570,881","12,577",0,"82,873",,,284,0,2/19/2022 14:20,Agree,Not agree
2/17/2022,CA,"8,854,449","8,283,568","570,881","11,220",-878,"82,589",,,207,0,2/18/2022 14:18,Agree,Not agree
2/16/2022,CA,"8,843,229","8,271,470","571,759","12,444",0,"82,382",,,240,0,2/17/2022 14:53,Agree,Not agree
2/15/2022,CA,"8,830,785","8,259,026","571,759","14,697",0,"82,142",,,116,0,2/16/2022 15:00,Agree,Not agree
2/14/2022,CA,"8,816,088","8,244,329","571,759","40,158",0,"82,026",,,589,0,2/15/2022 15:38,Agree,Not agree
2/13/2022,CA,"8,775,930","8,204,171","571,759",0,0,"81,437",,,0,0,2/14/2022 14:48,Agree,Not agree
2/12/2022,CA,"8,775,930","8,204,171","571,759",0,0,"81,437",,,0,0,2/14/2022 14:00,Agree,Not agree
2/11/2022,CA,"8,775,930","8,204,171","571,759","22,947",0,"81,437",,,363,0,2/12/2022 14:17,Agree,Not agree
2/10/2022,CA,"8,752,983","8,181,224","571,759","10,751","-4,080","81,074",,,162,0,2/11/2022 14:35,Agree,Not agree
2/9/2022,CA,"8,742,232","8,166,393","575,839","39,312",0,"80,912",,,272,0,2/10/2022 14:57,Agree,Not agree
2/8/2022,CA,"8,702,920","8,127,081","575,839","47,310",0,"80,640",,,101,0,2/9/2022 14:50,Agree,Not agree
2/7/2022,CA,"8,655,610","8,079,771","575,839","73,361",0,"80,539",,,517,0,2/8/2022 15:02,Agree,Not agree
2/6/2022,CA,"8,582,249","8,006,410","575,839",0,0,"80,022",,,0,0,2/7/2022 15:36,Agree,Not agree
2/5/2022,CA,"8,582,249","8,006,410","575,839",0,0,"80,022",,,0,0,2/7/2022 14:07,Agree,Not agree
2/4/2022,CA,"8,582,249","8,006,410","575,839","37,012",0,"80,022",,,220,0,2/5/2022 14:28,Agree,Not agree
2/3/2022,CA,"8,545,237","7,969,398","575,839","96,528","68,448","79,802",,,181,0,2/4/2022 15:29,Agree,Not agree
2/2/2022,CA,"8,448,709","7,941,318","507,391","25,550",0,"79,621",,,239,0,2/3/2022 15:01,Agree,Not agree
2/1/2022,CA,"8,423,159","7,915,768","507,391","37,147",0,"79,382",,,98,0,2/2/2022 15:18,Agree,Not agree
1/31/2022,CA,"8,386,012","7,878,621","507,391","172,226",0,"79,284",,,459,0,2/1/2022 14:22,Agree,Not agree
1/30/2022,CA,"8,213,786","7,706,395","507,391",0,0,"78,825",,,0,0,1/31/2022 16:55,Agree,Not agree
1/29/2022,CA,"8,213,786","7,706,395","507,391",0,0,"78,825",,,0,0,1/31/2022 15:12,Agree,Not agree
1/28/2022,CA,"8,213,786","7,706,395","507,391","76,729",0,"78,825",,,254,0,1/29/2022 14:30,Agree,Not agree
1/27/2022,CA,"8,137,057","7,629,666","507,391","120,403","60,424","78,571",,,255,0,1/28/2022 14:17,Agree,Not agree
1/26/2022,CA,"8,016,654","7,569,687","446,967","87,218",0,"78,316",,,198,0,1/27/2022 14:52,Agree,Not agree
1/25/2022,CA,"7,929,436","7,482,469","446,967","62,826",0,"78,118",,,17,0,1/26/2022 15:12,Agree,Not agree
1/24/2022,CA,"7,866,610","7,419,643","446,967","296,072",0,"78,101",,,379,0,1/25/2022 14:33,Agree,Not agree
1/23/2022,CA,"7,570,538","7,123,571","446,967",0,0,"77,722",,,0,0,1/24/2022 15:59,Agree,Not agree
1/22/2022,CA,"7,570,538","7,123,571","446,967",0,0,"77,722",,,0,0,1/24/2022 14:28,Agree,Not agree
1/21/2022,CA,"7,570,538","7,123,571","446,967","125,861",0,"77,722",,,201,0,1/22/2022 14:22,Agree,Not agree
1/20/2022,CA,"7,444,677","6,997,710","446,967","160,454","73,735","77,521",,,176,0,1/21/2022 14:36,Agree,Not agree
1/19/2022,CA,"7,284,223","6,910,991","373,232","98,637",0,"77,345",,,39,0,1/20/2022 15:22,Agree,Not agree
1/18/2022,CA,"7,185,586","6,812,354","373,232","76,374",0,"77,306",,,36,0,1/19/2022 15:44,Agree,Not agree
1/17/2022,CA,"7,109,212","6,735,980","373,232","319,809",0,"77,270",,,330,0,1/18/2022 14:47,Agree,Not agree
1/16/2022,CA,"6,789,403","6,416,171","373,232",0,0,"76,940",,,0,0,1/17/2022 15:24,Agree,Not agree
1/15/2022,CA,"6,789,403","6,416,171","373,232",0,0,"76,940",,,0,0,1/17/2022 14:19,Agree,Not agree
1/14/2022,CA,"6,789,403","6,416,171","373,232","119,264",0,"76,940",,,136,0,1/15/2022 14:59,Agree,Not agree
1/13/2022,CA,"6,670,139","6,296,907","373,232","167,819","59,779","76,804",,,121,0,1/14/2022 14:51,Agree,Not agree
1/12/2022,CA,"6,502,320","6,188,867","313,453","102,310",0,"76,683",,,119,0,1/13/2022 14:34,Agree,Not agree
1/11/2022,CA,"6,400,010","6,086,557","313,453","143,380",0,"76,564",,,14,0,1/12/2022 15:21,Agree,Not agree
1/10/2022,CA,"6,256,630","5,943,177","313,453","308,820",0,"76,550",,,209,0,1/11/2022 14:42,Agree,Not agree
1/9/2022,CA,"5,947,810","5,634,357","313,453",0,0,"76,341",,,0,0,1/10/2022 15:08,Agree,Not agree
1/8/2022,CA,"5,947,810","5,634,357","313,453",0,0,"76,341",,,0,0,1/10/2022 13:58,Agree,Not agree
1/7/2022,CA,"5,947,810","5,634,357","313,453","103,606",0,"76,341",,,287,0,1/8/2022 14:31,Agree,Not agree
1/6/2022,CA,"5,844,204","5,530,751","313,453","77,848","27,362","76,054",,,0,0,1/7/2022 15:48,Agree,Not agree
1/5/2022,CA,"5,766,356","5,480,265","286,091","51,743",0,"76,054",,,130,0,1/6/2022 14:32,Agree,Not agree
1/4/2022,CA,"5,714,613","5,428,522","286,091","165,889",0,"75,924",,,77,0,1/5/2022 16:16,Agree,Not agree
1/3/2022,CA,"5,548,724","5,262,633","286,091","71,195",0,"75,847",,,0,0,1/4/2022 14:43,Agree,Not agree
1/2/2022,CA,"5,477,529","5,191,438","286,091",0,0,"75,847",,,0,0,1/3/2022 15:18,Agree,Not agree
1/1/2022,CA,"5,477,529","5,191,438","286,091",0,0,"75,847",,,0,0,1/3/2022 13:55,Agree,Not agree
